0
1
1
4
2
0
1
3
6
0
3
29
34
1
0
0
2
1
6
15
4
3
8
1
2
1
1
1
6
0
3
0
8
2
0
0
2
0
13
2
2
1
8
1
1
6
0
1
1
0
4
4
13
3
0
0
2
2
5
1
1
15
1
46
0
2
0
2
4
2
0
2
0
2
1
1
14
2
1
0
0
1
3
0
0
1
5
0
1
0
0
0
1
1
4
1
2
5
6
14
2
0
3
11
1
6
43
1
0
0
2
8
1
6
2
2
10
14
2
0
9
39
1
1
0
1
11
13
19
24
32
83
0
92
1
2
4
6
1
2
5
7
1
0
5
8
0
3
1
0
2
0
2
1
4
10
12
3
21
4
3
0
67
0
4
1
0
0
0
1
2
0
1
2
0
1
5
13
2
2
0
0
3
0
0
0
2
0
1
0
0
2
1
0
2
0
2
2
3
1
7
2
0
0
0
0
2
3
3
0
15
0
1
1
5
1
16
2
1
29
32
36
0
60
66
0
70
0
0
0
1
0
0
2
1
0
0
2
0
1
6
1
14
18
0
1
38
41
0
0
0
0
0
1
2
0
2
1
3
0
2
7
1
0
15
1
27
39
49
0
54
1
5
1
69
0
72
0
76
1
0
1
3
3
5
0
0
0
2
0
3
5
0
1
1
0
3
10
3
18
0
1
5
6
1
0
4
9
17
0
0
3
6
30
0
3
0
0
3
1
0
5
1
3
1
3
0
1
0
0
0
1
3
1
4
2
0
1
1
3
0
0
0
8
1
18
0
7
1
0
0
1
0
0
4
2
6
1
3
0
0
4
1
1
0
7
0
12
1
4
0
0
5
0
1
2
8
12
1
1
1
7
11
15
21
25
47
51
82
84
90
94
103
107
112
119
124
134
140
150
159
165
170
177
183
186
215
218
222
233
242
249
268
273
299
300
306
315
319
328
331
338
374
389
393
397
401
426
435
437
442
448
459
468
475
478
483
503
513
522
607
608
613
616
626
627
681
692
695
700
788
802
816
821
839
847
853
858
862
866
874
884
889
892
898
903
925
937
939
944
952
955
967
1048
1064
1072
1171
1175
1227
1234
1237
1250
1260
1262
1267
1280
1284
1290
1316
1317
1326
1387
1390
1394
1397
1439
1464
1478
1481
1555
