0
0
3
4
4
8
8
7
10
11
12
15
15
12
11
12
11
8
8
11
13
12
14
15
17
17
11
13
16
15
18
21
22
27
27
29
28
32
35
37
23
26
25
25
30
19
17
20
18
21
23
24
28
30
31
35
31
25
25
26
24
25
25
26
25
28
27
29
32
33
36
39
36
38
42
41
42
44
44
47
51
49
53
54
55
55
57
57
59
55
57
59
58
62
64
66
67
65
66
65
67
67
68
66
67
68
72
72
76
79
80
79
78
79
79
78
82
77
78
78
72
74
75
73
72
76
68
66
69
74
76
80
80
81
81
86
87
88
88
90
94
89
90
89
91
89
92
93
95
99
101
102
106
109
98
100
104
104
103
106
106
103
107
110
103
106
107
106
110
110
109
110
108
107
108
109
106
107
109
106
102
102
103
100
100
102
102
106
110
113
108
111
111
113
117
120
117
118
121
120
118
114
116
119
117
119
119
120
123
121
123
121
125
122
121
119
122
115
114
115
113
112
113
116
115
118
118
121
123
124
123
126
128
130
133
134
137
126
125
125
114
114
113
113
112
115
116
118
123
121
122
122
122
124
126
131
131
132
130
131
131
134
137
135
136
135
137
139
139
143
146
145
150
148
145
145
144
149
150
151
154
158
158
157
158
162
164
164
165
163
164
161
161
164
162
163
166
165
160
156
152
150
149
151
151
153
150
148
151
155
154
155
156
154
156
159
159
162
164
159
156
157
157
156
158
156
154
156
160
161
162
167
169
170
170
173
166
167
170
170
171
172
176
176
176
176
177
178
176
178
182
182
183
181
182
179
180
183
187
191
192
193
196
194
195
198
197
197
191
194
194
198
200
203
204
205
202
205
206
208
209
210
212
211
213
217
221
221
225
226
226
229
225
229
232
236
232
236
236
237
240
237
240
240
235
236
236
238
240
243
241
245
245
249
248
250
249
250
250
253
253
255
251
254
258
260
263
263
261
263
267
269
274
275
276
274
275
270
270
270
275
276
274
274
277
281
281
277
276
270
274
275
276
277
277
273
267
265
267
269
268
269
269
267
268
272
271
262
267
269
266
266
269
271
270
270
274
275
279
282
284
287
288
286
286
281
276
279
272
271
270
271
269
270
269
269
254
256
254
255
