1
1
1
2
3
3
4
3
3
1
3
2
3
3
3
3
4
4
4
5
4
4
5
5
6
6
5
4
5
6
6
6
4
4
3
3
2
1
1
1
2
2
2
2
3
2
3
4
1
2
3
3
4
4
7
7
8
9
10
11
12
12
10
10
9
9
10
11
12
12
13
14
14
11
12
12
12
12
15
11
10
12
11
14
15
16
17
17
17
18
18
16
17
18
19
19
20
20
20
21
19
19
20
21
22
17
18
18
18
18
19
19
18
18
19
20
20
21
21
20
19
20
18
20
17
17
18
18
17
17
17
16
18
19
19
20
21
21
21
22
21
21
22
23
22
22
22
22
22
22
24
24
22
21
19
20
19
20
21
21
23
23
22
21
21
22
23
24
26
25
24
26
26
27
28
28
28
29
26
22
22
23
22
22
23
23
24
25
23
23
24
24
25
25
26
26
22
21
21
20
20
19
19
21
20
21
21
22
21
21
22
22
21
20
21
21
20
21
22
22
24
20
22
21
18
18
19
19
20
21
20
21
21
21
23
21
20
21
20
19
20
21
21
18
19
19
19
18
19
19
20
19
19
18
18
19
20
21
21
21
19
18
19
19
19
19
20
19
19
19
18
17
18
17
16
17
16
17
18
17
15
16
16
17
18
18
16
16
16
16
17
19
19
20
19
20
21
23
23
24
25
26
26
27
26
22
24
22
23
22
20
21
20
21
23
22
23
22
23
23
24
22
23
25
25
26
24
24
25
26
27
